0 
0 Name: New Model.ldr
0 Author: 
0 !LEOCAD GROUP BEGIN Minifig n°1
1 308 0 -96 -80 1 0 0 0 1 0 0 0 1 98385.dat
1 14 0 -96 -80 1 0 0 0 1 0 0 0 1 3626bp05.dat
1 4 0 -72 -80 1 0 0 0 1 0 0 0 1 973p3p.dat
1 0 0 -40 -80 1 0 0 0 1 0 0 0 1 3815.dat
1 4 15.552 -63.12 -80 0.985435 0.170055 0 -0.170055 0.985435 0 0 0 1 3819.dat
1 4 -15.552 -63.12 -80 0.985435 -0.170055 0 0.170055 0.985435 0 0 0 1 3818.dat
1 14 23.7102 -45.247 -90 0.985435 0.120247 -0.120247 -0.170055 0.696808 -0.696808 0 0.707107 0.707107 3820.dat
1 14 -23.7102 -45.247 -90 0.985435 -0.120247 0.120247 0.170055 0.696808 -0.696808 0 0.707107 0.707107 3820.dat
1 6 -24.9874 -37.8457 -95.491 0.985435 -0.085027 0.147272 0.170055 0.492717 -0.853411 0 0.866025 0.5 95052.dat
1 0 0 -28 -80 1 0 0 0 1 0 0 0 1 3817.dat
1 0 0 -28 -80 1 0 0 0 1 0 0 0 1 3816.dat
0 !LEOCAD GROUP END
