0 
0 Name: New Model.ldr
0 Author: 
0 !LEOCAD GROUP BEGIN Minifig n?1
1 308 0 -38.3266 2 1 0 0 0 1 0 0 0 1 98385.dat
1 14 0 -38.3266 2 1 0 0 0 1 0 0 0 1 3626bp05.dat
1 4 0 -14.3266 2 1 0 0 0 1 0 0 0 1 973p3p.dat
1 0 0 17.6734 2 1 0 0 0 1 0 0 0 1 3815.dat
1 4 15.552 -5.4466 2 0.985435 0.170055 0 -0.170055 0.985435 0 0 0 1 3819.dat
1 4 -15.552 -5.4466 2 0.985435 -0.170055 0 0.170055 0.985435 0 0 0 1 3818.dat
1 14 23.7102 12.4264 -8 0.985435 0.120247 -0.120247 -0.170055 0.696808 -0.696808 0 0.707107 0.707107 3820.dat
1 14 -23.7102 12.4264 -8 0.985435 -0.120247 0.120247 0.170055 0.696808 -0.696808 0 0.707107 0.707107 3820.dat
1 0 0 29.6734 2 1 0 0 0 1 0 0 0 1 3817.dat
1 0 0 29.6734 2 1 0 0 0 1 0 0 0 1 3816.dat
0 !LEOCAD GROUP END
